Purity = 0.12873742383449058 +- 0.0011233544378665865
Efficiency = 0.018343344606531725 +- 0.0004240265251329346
results for 5 sigma