Purity = 0.058629232039636665 +- 0.001127024050864216
Efficiency = 0.022365385983274227 +- 0.000468771975422614
results for 15 sigma