Purity = 0.11079723791588199 +- 0.0011194061021598926
Efficiency = 0.010616009222595358 +- 0.00032272236941477406
results for 15 sigma