Purity = 0.14467208423944145 +- 0.0011194061021598926
Efficiency = 0.012671044057941958 +- 0.0003522045035612327
results for 15 sigma