Purity = 0.1637405148043446 +- 0.001127024050864216
Efficiency = 0.022365385983274227 +- 0.000468771975422614
results for 5 sigma