Purity = 0.24000370233246945 +- 0.00111828563132992
Efficiency = 0.025941673753188937 +- 0.0005000259794910276
results for 5 sigma