Purity = 0.6824664270853036 +- 0.0011194061021598926
Efficiency = 0.2649992481579871 +- 0.0013895805560394936
results for 5 sigma