Purity = 0.2878980891719745 +- 0.0011194061021598926
Efficiency = 0.011327752994837351 +- 0.00033324286470290745
results for 5 sigma