Purity = 0.07415730337078652
Efficiency = 0.089 +- 0.013439385375319371
