Purity = 0.07102305642451628 +- 0.00111828563132992
Efficiency = 0.02453103896753539 +- 0.00048659425756074
results for 15 sigma