Purity = 0.21277965556092066 +- 0.0011194061021598926
Efficiency = 0.06228259235126059 +- 0.0007609275302645283
results for 10 sigma