Purity = 0.3364485981308411 +- 0.0011194061021598926
Efficiency = 0.012630945817252269 +- 0.0003516540261206628
results for 5 sigma