Purity = 0.16749200777283269 +- 0.00111828563132992
Efficiency = 0.026732029413235957 +- 0.0005073792010766159
results for 10 sigma