Purity = 0.11842467639768658 +- 0.0011194061021598926
Efficiency = 0.008621121748283294 +- 0.0002911249541398542
results for 15 sigma