Purity = 0.13996658312447785 +- 0.00111828563132992
Efficiency = 0.08380771347106197 +- 0.0008716098764359609
results for 15 sigma