Purity = 0.32611497808713585 +- 0.0011194061021598926
Efficiency = 0.012681068618114381 +- 0.0003523419814727511
results for 5 sigma