Purity = 0.2849812934259754 +- 0.00111828563132992
Efficiency = 0.026672002401080485 +- 0.0005068249000444169
results for 5 sigma