Purity = 0.2737110120942075 +- 0.0011194061021598926
Efficiency = 0.008621121748283294 +- 0.0002911249541398542
results for 5 sigma