Purity = 0.37436188315371527 +- 0.0011194061021598926
Efficiency = 0.013232419427597614 +- 0.0003598181212487988
results for 5 sigma