Purity = 0.17424673109721434 +- 0.00111828563132992
Efficiency = 0.02453103896753539 +- 0.00048659425756074
results for 5 sigma