Purity = 0.25053330173026783 +- 0.0011194061021598926
Efficiency = 0.010595960102250513 +- 0.00032242082078398106
results for 5 sigma