Purity = 0.12148529727409316 +- 0.0011194061021598926
Efficiency = 0.011347802115182196 +- 0.00033353419318196686
results for 15 sigma