Purity = 0.30332629355860613 +- 0.0011194061021598926
Efficiency = 0.011518219638113378 +- 0.0003359998080075151
results for 5 sigma