Purity = 0.3515957446808511 +- 0.0011194061021598926
Efficiency = 0.037692346248308355 +- 0.0005996711368013788
results for 5 sigma