Purity = 0.11166070300989266 +- 0.0011194061021598926
Efficiency = 0.010636058342940204 +- 0.0003230236242080537
results for 15 sigma