Purity = 0.519139920405417 +- 0.0011194061021598926
Efficiency = 0.3501278131421984 +- 0.001501911694773872
results for 10 sigma