Purity = 0.14000220823672296 +- 0.0011194061021598926
Efficiency = 0.012711142298631647 +- 0.0003527540767891378
results for 15 sigma