Purity = 0.11391421678864946 +- 0.00111828563132992
Efficiency = 0.027872542644189886 +- 0.0005177851099705325
results for 15 sigma