Purity = 0.3272391287253283 +- 0.00111828563132992
Efficiency = 0.08326747036166275 +- 0.0008690522316091992
results for 5 sigma