Purity = 0.12634349638078526 +- 0.0011194061021598926
Efficiency = 0.011548293318630646 +- 0.0003364329519254163
results for 15 sigma