Purity = 0.08947967311472019 +- 0.00111828563132992
Efficiency = 0.02596168275724076 +- 0.0005002136230701365
results for 15 sigma