Purity = 0.3717811158798283 +- 0.0011194061021598926
Efficiency = 0.013894040398977495 +- 0.00036857858679162706
results for 5 sigma