Purity = 0.04870269111182588 +- 0.0011233544378665865
Efficiency = 0.018343344606531725 +- 0.0004240265251329346
results for 15 sigma