Purity = 0.16867030965391622 +- 0.0011194061021598926
Efficiency = 0.013924114079494763 +- 0.0003689715682280142
results for 15 sigma