Purity = 0.2701155003397069 +- 0.00111828563132992
Efficiency = 0.02784252913811215 +- 0.0005175142695322647
results for 5 sigma