Purity = 0.2670697908793147 +- 0.0011194061021598926
Efficiency = 0.010626033782767781 +- 0.0003228730334896776
results for 5 sigma